265.877952
262.789786
262.024017
263.433417
262.524603
263.724907
263.197469
262.592713
267.289881
263.245484
260.991368
262.196685
267.388239
262.348576
263.312305
259.311294
263.092180
261.514795
262.544781
253.626836
263.822573
263.718082
293.626413
262.624027
262.869907
260.359952
264.732516
263.401866
264.881646
262.197426
271.835384
263.391373
262.597687
261.778887
264.480794
262.645702
268.031348
239.349225
259.630606
259.947394
262.490901
263.457973
263.011552
270.703439
265.906087
262.674397
262.890273
296.824712
261.283413
264.233631
262.753769
272.960588
262.333042
262.726155
262.808574
263.117749
258.703931
265.058290
261.076656
267.196223
262.708577
262.152926
257.415458
258.923233
263.216455
260.628889
261.813094
269.792264
263.469209
262.154490
249.629779
261.815360
262.953233
268.157486
264.566543
264.095243
262.689114
260.438107
428.479101
262.020373
257.713026
269.202390
265.261323
262.474720
254.108716
263.785584
258.454138
262.288870
261.404228
257.129851
262.464877
262.414084
197.692039
263.971856
263.032826
262.970968
264.020304
261.831833
259.183583
268.057019
262.542733
270.103326
264.144274
263.102107
262.882114
264.323375
260.372277
260.990813
264.677205
260.846248
260.115695
257.363238
271.046013
264.686499
263.028801
263.952141
264.270637
261.722224
262.490016
262.633527
264.847124
263.527757
272.745073
262.236609
262.218624
261.712205
261.481334
266.152152
261.476620
262.533945
263.089307
262.676370
261.368644
262.570739
262.310839
262.431847
263.740892
261.792522
262.047865
262.209676
263.628846
263.148537
262.293934
261.775695
263.917023
269.058353
263.124292
262.854815
263.827057
262.965039
264.905235
263.314904
262.301235
261.669778
262.620554
261.579141
263.659315
264.001161
261.648123
262.293318
261.334878
261.468649
269.271704
262.464238
274.104585
264.832548
263.619992
263.347389
263.582104
260.319037
264.991990
264.130443
258.960046
261.962992
260.926866
263.173608
268.429241
260.823060
263.175261
263.972799
264.175006
229.825266
262.565878
234.128102
279.180710
262.385927
263.538018
263.791392
270.474104
263.153777
263.744200
269.693624
263.339155
262.357361
263.133882
279.000153
262.826963
261.554357
219.022678
263.493963
263.432866
286.510426
260.563583
259.563918
262.881741
264.803753
265.914756
260.886786
251.193325
264.412143
261.652693
259.899964
265.601253
262.261844
260.006193
262.221354
262.212100
262.181812
262.910567
263.435278
261.695192
263.098945
263.489843
263.054302
262.630071
264.541693
264.318067
262.762446
265.110200
266.329935
262.235428
264.367132
270.046149
263.927167
263.275811
263.346533
262.310200
263.813502
265.930119
261.955198
262.675191
260.642849
262.777822
259.305056
262.443535
264.497291
277.414172
264.052649
264.979611
261.578449
265.012972
262.966007
263.132835
263.752040
262.339683
261.827349
262.747555
262.717146
265.337496
262.135709
263.681458
251.516996
261.229502
155.225295
265.130707
262.725387
262.868564
263.663323
262.095905
244.819683
263.864590
263.107537
262.460148
265.313102
212.461478
262.814755
263.251635
263.854643
263.514256
264.993043
261.967194
258.912437
258.535965
263.087984
181.520666
260.668132
263.642611
259.190960
262.566386
262.271358
261.995757
237.810352
246.201623
260.653352
264.629467
263.172674
262.813839
261.033930
263.042071
262.156844
259.367879
262.684074
262.086639
262.718697
268.772025
263.821358
263.010220
262.308416
255.964318
264.180556
266.337564
266.128888
256.988673
260.092584
265.733101
265.347584
261.343966
264.517620
261.184845
263.018479
259.899474
261.692193
272.620516
263.621597
269.810558
261.035569
262.102142
266.747381
261.813055
262.805973
263.465337
263.518279
262.278611
259.664313
263.337388
264.257805
262.331845
262.019268
262.622956
262.481382
263.439367
261.685547
262.724238
262.268165
255.986042
262.824373
261.595498
262.415624
239.303909
266.173192
263.082031
266.375052
261.611519
264.341128
261.502389
263.375119
246.446354
262.989252
268.823700
272.311953
262.481587
266.735702
263.168819
264.254889
297.527906
262.064271
268.096334
262.709121
263.975244
263.014835
261.504185
262.467691
263.780166
262.620672
262.870845
261.494866
263.714436
263.400416
260.939809
263.464192
260.879180
262.888023
270.000140
261.774178
263.181826
263.454747
260.792753
263.039300
260.436155
238.009429
262.129791
261.007726
265.014010
261.314883
261.608532
259.660023
262.910392
263.491322
254.691584
264.008916
266.098786
263.103004
262.928058
265.928529
263.473360
265.717174
275.970218
263.212433
264.097191
264.730641
263.440867
262.655834
262.907539
261.322805
263.382712
261.551210
262.377735
263.181044
263.589917
263.682425
262.441073
264.426261
260.980438
263.754732
263.136629
261.692372
263.805123
260.597502
261.875431
262.779432
261.207229
267.702047
261.709294
262.389265
262.669924
263.718056
262.363923
262.876072
265.344786
262.462762
262.058349
260.660138
262.540653
262.152541
261.878115
261.916295
263.193857
262.076456
260.065239
262.836538
262.199770
229.333720
262.196740
262.548653
266.107178
261.349897
264.126171
257.730337
261.448355
263.388127
261.345515
275.414619
262.675735
258.309872
265.193755
262.232021
263.759024
263.474066
263.156222
262.800082
259.785927
265.550584
264.809068
259.855268
268.011100
262.440750
274.863244
262.934116
262.952841
308.345526
262.077517
262.773986
261.591055
263.006423
266.285961
262.679495
263.708516
263.722621
265.446702
259.985336
250.324019
263.186803
263.789228
267.407767
262.523380
-7.557539
264.890599
262.134879
262.787703
261.736326
264.048411
261.391353
262.746757
262.601725
262.348915
262.754884
262.719766
267.068027
262.633287
264.286099
262.597111
263.837289
263.320214
263.063428
263.420985
264.401146
265.330867
262.960440
267.112254
249.066952
273.575726
263.395392
206.920744
257.530205
262.291762
263.605341
262.990965
264.862800
265.759559
261.097163
263.482317
262.414208
264.425568
266.721997
262.618884
260.440762
265.722107
263.898678
262.564222
263.590361
262.799104
262.786831
264.660105
262.708093
264.551945
262.012767
262.962227
261.526272
260.064073
262.447173
264.026621
261.317832
263.516743
265.235170
265.055181
262.535923
262.806440
256.574687
258.941334
262.305562
258.564913
279.084580
264.158359
262.077532
258.084708
262.351075
263.185104
263.728542
262.874979
262.385392
262.761469
261.970872
258.230953
333.600960
263.460195
262.306139
263.814070
263.366906
260.989323
261.482603
262.576314
255.424644
262.913311
262.466349
261.575629
263.052186
263.457682
264.149621
264.714100
262.289029
261.919903
264.523670
261.937469
262.099671
263.426636
263.788191
262.017817
278.029928
263.658071
263.749162
260.452887
285.337478
266.283647
267.448416
262.286820
262.848229
260.413771
260.853155
261.967749
263.770218
263.937377
262.655962
264.692267
264.142027
263.129251
262.774232
257.641766
266.493891
259.371518
263.649318
263.735884
263.537773
261.108111
262.617810
259.850340
262.775304
262.235049
259.951713
262.453341
263.826885
261.522760
262.324242
262.667961
262.687967
263.184745
262.605607
262.995095
262.806429
279.908668
256.024431
263.487156
268.044843
260.681269
261.710623
273.016268
263.310859
258.748345
263.163957
262.948494
262.663434
262.109613
262.429732
261.729599
264.005447
262.629621
262.837356
262.026614
256.456282
265.914501
260.244517
281.347643
258.632910
262.566616
262.463246
263.981223
262.216022
262.683992
263.641259
254.133181
261.493112
262.145753
261.181004
264.693875
263.845208
268.448678
263.876213
261.920242
264.316085
270.793517
260.479768
240.040413
258.009771
263.309365
270.867173
254.858533
263.052378
264.757868
261.797370
264.988374
263.837526
263.106923
260.757528
265.330338
263.151342
262.188057
270.643875
262.610025
262.250617
261.609514
264.878526
262.018549
273.180994
260.973406
265.232628
268.018493
257.344831
264.336525
259.950080
264.041119
262.605253
264.019904
262.791203
261.260721
263.043533
262.202595
260.781928
263.316498
263.773028
266.637147
220.499213
261.483550
262.153562
261.260101
261.958525
271.062882
232.270159
264.481496
262.128371
268.331512
257.767716
263.475678
213.601744
262.061532
262.827704
262.619100
262.894553
262.031879
263.361166
263.510261
252.767549
264.314116
262.671139
261.430214
262.808454
265.050259
262.915984
262.545546
262.240999
262.813142
258.385062
262.827137
260.021734
261.838990
262.515331
262.713865
262.825560
263.426573
263.049900
263.165869
263.513444
263.183713
266.296853
262.706025
259.364395
263.328576
252.686916
261.484778
261.231483
264.239530
262.969037
264.784147
267.484297
260.950533
263.012852
262.846142
262.203329
276.906373
263.042082
263.108055
265.158624
263.822149
285.500035
262.493430
262.716108
262.534218
263.021845
261.337375
264.087458
262.491835
263.036683
260.164242
262.611534
262.332726
250.739305
260.393476
261.947246
266.367257
262.173430
253.353758
265.630246
269.461844
260.446251
263.755910
261.602776
276.280524
262.301837
257.817355
259.132208
263.046414
262.226009
263.710882
260.155942
262.796509
263.146458
267.851405
259.309432
257.059890
263.814550
263.344575
262.918646
260.943042
264.631245
263.453402
318.221480
265.318430
260.853068
262.247337
269.463300
264.690733
262.311956
263.008525
263.554834
260.765943
262.614397
263.164107
264.726068
259.789418
262.794273
264.620194
266.731702
264.062691
261.462929
261.897984
260.778233
258.191828
264.685923
258.746583
265.607886
262.955269
264.362333
264.252848
263.391321
262.367463
260.554019
262.735104
261.799592
264.707823
263.016287
256.468727
261.505042
266.127146
-201.970902
263.101124
263.302557
268.692428
262.132474
215.956655
262.608002
261.272442
262.803466
262.551929
262.583974
262.552047
262.050455
262.827633
262.959955
262.434714
255.593274
261.794365
262.902673
262.439659
263.290809
262.126026
262.313813
263.305163
262.071388
260.902754
253.339682
262.602919
266.202978
261.133313
262.537033
264.073299
263.183464
261.929232
263.280317
261.515786
262.935131
264.139751
263.531670
262.935543
262.186997
263.071716
261.288812
263.404196
122.379155
262.948910
260.006783
256.756874
263.655221
261.860078
262.091069
258.644220
261.379301
263.705646
263.153026
263.384203
269.489281
263.255018
258.898214
262.226067
266.017106
263.294698
265.382270
263.358501
271.152758
262.733715
260.682317
273.861236
263.331867
337.281175
262.562552
262.741707
262.769578
262.505109
262.631433
263.229701
261.609211
263.974085
263.955274
236.910813
263.629791
266.458753
272.193254
261.646867
261.595366
263.342647
263.013166
264.496356
268.473838
267.134203
262.314114
263.004630
262.404915
260.732257
262.368559
262.490143
263.154129
261.948825
261.791699
273.193249
262.438362
262.972454
261.805552
261.498124
263.537195
261.458790
252.323215
263.587674
262.571847
258.690310
262.031030
263.145597
263.152865
264.826330
262.636541
263.793427
259.522522
263.607579
262.248307
263.006128
262.693166
262.424302
261.008889
262.826643
266.301170
264.777293
265.604940
261.209479
271.031170
259.133077
261.628230
262.901956
263.695404
263.575415
262.304544
264.390956
254.739216
263.727313
263.119044
