0.979732
0.986754
1.000876
1.107973
0.497649
1.076193
0.845404
0.855709
0.785190
0.877789
0.999929
0.982582
1.001347
0.965393
1.083649
1.100710
0.903839
1.154751
1.011406
0.797658
1.091692
1.039493
0.873455
0.905470
1.028533
1.048908
0.984735
1.104308
0.885082
1.022741
0.905905
1.027510
0.847831
0.915103
0.725506
0.879686
0.948372
0.699937
0.735858
1.046902
0.787350
0.986170
0.847982
0.754065
0.868348
0.899201
1.031356
0.965145
0.914768
1.038433
1.155112
0.820315
0.728272
1.012187
0.932467
0.968591
0.993207
1.078726
0.779920
1.076895
0.821067
0.988950
0.877893
1.053159
0.878496
1.077205
0.876403
0.583040
1.091092
1.013982
0.921248
1.034930
0.923415
0.826728
0.922876
0.899940
0.985717
0.920292
0.793481
1.022296
1.058761
1.042866
1.003515
0.855330
1.084075
0.905268
0.782784
1.021082
0.965837
0.976090
1.104155
0.888878
0.722030
0.965378
0.593624
1.088358
1.107751
0.774159
1.033074
0.770378
0.860268
0.769230
0.924268
1.060389
1.035019
0.982780
0.896327
0.931055
0.828931
0.811785
0.859289
1.069059
1.138480
1.029454
1.095056
0.970259
1.047024
0.883497
1.066907
0.860665
0.992868
1.135797
0.819787
0.906752
1.014801
0.910955
0.992640
0.987858
0.937180
0.849670
0.687530
1.034275
0.762664
1.038015
1.000715
0.981424
0.909511
0.801675
0.828331
0.837303
1.033332
0.947162
0.871823
0.961256
0.845680
0.468868
0.942162
1.071196
1.124648
0.762795
0.837085
0.971853
1.086352
0.850235
0.762239
0.930942
1.064188
0.647644
1.116507
1.083013
0.769410
0.887020
0.873213
1.077994
0.902309
1.084082
0.969667
0.936268
0.897558
0.984328
0.738915
0.814910
0.968896
1.071172
0.971939
0.931628
0.821465
1.154532
0.894996
0.870355
0.975595
0.991229
0.847163
1.005711
0.751029
1.083490
0.909304
0.883264
0.769322
1.058595
0.928442
0.734214
1.149365
0.886557
0.973377
1.127324
1.058983
1.200985
0.935370
1.001881
1.075496
0.696603
1.103656
0.878426
0.921946
1.091746
1.022061
0.883504
1.054729
1.046124
0.945703
1.024407
0.997665
0.975093
0.910139
1.065443
1.002396
1.010399
1.012096
1.054561
0.897756
1.024547
0.943032
1.041879
1.159050
0.960533
0.876994
0.961044
1.086598
0.818231
1.011506
0.862366
0.945491
0.904008
1.013210
0.762001
1.006246
1.121180
0.990257
0.889980
1.085677
0.988728
0.523753
1.054566
0.950466
0.858231
0.921590
1.018730
1.041827
0.844095
1.189379
0.828035
0.994634
0.976242
1.016148
1.040877
0.800736
1.041378
0.899045
0.936231
1.139714
0.879970
1.108822
1.011057
0.936010
1.034283
0.905711
0.802318
0.910419
0.997482
0.821507
1.149793
0.923519
1.033712
0.989813
0.948937
0.829724
0.732240
1.029963
0.884170
0.850095
0.981119
1.070739
0.845379
0.884601
1.121277
0.993201
0.798324
0.831617
1.023173
0.830511
0.945203
1.037566
0.995422
0.913586
1.052218
1.071684
1.135479
0.872773
0.988532
1.088366
0.934749
1.012965
0.977777
0.980953
0.968736
1.057055
0.805949
0.726242
1.003415
0.933448
0.854723
0.655692
0.744174
1.155677
1.116812
1.027292
0.859175
0.936573
0.728833
0.922698
0.909484
1.031767
0.766387
0.919445
1.079393
1.051720
1.079159
0.933056
1.011717
1.092431
0.941012
0.919083
0.768559
0.875530
0.995301
0.777769
0.971204
1.033477
0.798216
0.781922
0.755071
1.117137
0.967750
0.810810
1.084553
1.048536
0.906006
0.925620
1.078843
0.853165
0.634880
0.984558
1.010742
1.169231
0.972023
1.044396
1.032429
0.845881
1.086093
0.899511
0.882311
0.910560
0.863765
0.938372
0.934305
0.948335
1.147796
0.998827
0.846031
1.134744
0.796387
0.615149
1.063152
0.928271
0.915314
0.971921
1.132410
1.110275
0.859668
1.011872
0.798146
0.917353
1.006291
0.941184
0.976084
1.109840
1.094086
1.125607
0.941921
0.891961
0.779615
0.907773
1.187634
0.950262
0.759939
0.980463
0.862385
0.873433
0.819229
0.866082
0.978911
0.895212
0.828067
0.850940
1.004653
0.874932
0.900439
1.099153
1.079469
1.000371
0.649048
1.066736
0.742301
1.140965
0.982113
0.882165
0.829250
0.694720
1.035021
0.923989
1.046145
0.876025
0.989486
0.900752
1.013113
1.019430
1.032563
0.800308
0.902488
0.916384
1.114208
1.088711
1.160286
1.066327
0.878376
0.840648
0.999820
0.658769
0.989493
0.908674
0.982059
1.025918
0.868092
0.879875
0.841211
0.780079
0.869649
1.038821
0.845295
1.126089
0.863911
1.087699
1.001569
0.919364
0.933025
0.941492
0.520142
0.889310
1.134204
1.104020
0.867109
0.730418
0.905092
0.928921
1.067769
1.103485
0.768385
0.885679
0.976928
0.862937
0.901183
1.027719
1.170506
1.130954
1.004449
0.913014
0.846172
0.993717
1.071578
0.935032
1.013128
1.064627
0.835882
0.449374
0.847651
0.944287
0.938672
1.042334
0.988854
0.752703
1.007829
0.995727
1.022952
0.945225
0.883868
0.859733
0.978878
1.010584
0.733327
0.707181
0.823154
0.943520
0.869467
1.155569
1.062152
0.851865
1.072827
0.868106
0.958391
1.144756
0.863730
1.015878
0.874366
1.060379
1.037153
1.113897
1.140774
0.958309
0.844780
0.952625
0.988472
0.921791
0.933351
1.097433
1.065850
1.195811
1.040809
1.054558
1.128096
1.034507
1.067272
1.035251
1.116888
1.021651
1.203004
0.673326
0.941578
0.902514
1.013035
0.996829
0.932120
1.011866
1.067948
0.924482
1.005935
0.846474
1.017378
0.734229
0.932344
1.126840
1.076999
1.051608
1.034809
0.977679
0.865330
0.909397
0.951355
1.060861
0.998046
0.879873
0.783872
1.102469
0.944787
0.844046
0.835742
1.024293
0.895267
0.988074
0.876506
0.739253
0.895467
0.776305
0.781889
0.953949
1.033065
1.095041
0.738308
0.959820
0.841550
0.934148
0.900426
1.015082
0.812990
1.009919
0.864518
1.183891
1.116758
0.791069
1.118421
1.011782
0.938852
1.047284
1.145885
0.873887
0.791952
0.732010
0.928388
0.898089
0.896166
1.003584
0.955157
0.946652
0.893926
1.080156
0.991450
0.962685
1.028745
0.926708
0.827032
1.135336
1.074692
1.025649
0.969866
0.996093
0.966367
0.949104
1.121399
0.820955
1.108379
0.920764
0.913329
0.888476
1.045219
0.717247
1.020085
1.031232
0.834334
0.864842
1.032214
0.974038
1.095645
1.046889
0.828353
1.106848
0.973530
1.049711
0.761468
1.002018
1.063538
1.012093
1.033089
1.006101
1.051905
1.086924
1.091238
0.860196
0.893295
1.000798
1.005504
0.862793
1.093732
1.024819
0.936817
0.817238
0.969026
1.118765
1.041489
0.685766
0.997008
1.149602
0.843596
0.935495
1.133165
0.770657
1.061049
1.043871
0.990685
0.893075
1.061954
0.938928
1.072596
1.081163
1.071092
0.889907
0.710343
0.989359
1.009075
1.103971
1.049037
0.983801
0.744160
1.132138
1.006332
0.788485
0.960032
0.764615
1.009740
1.065574
0.817629
1.007444
1.088497
0.810056
0.808952
0.974157
0.899746
1.023088
0.988012
1.155800
0.688764
1.021806
1.060779
0.895125
0.979664
0.910381
0.829912
0.944672
0.914291
0.923683
0.885747
0.982017
0.911717
1.007680
0.957056
0.701619
1.103356
0.861119
0.884670
0.985836
0.963132
1.029905
0.989579
0.868034
0.939936
0.761373
0.911974
0.951052
0.696590
1.057188
0.851257
0.801216
0.890166
0.908120
0.739562
0.683340
1.036045
1.100287
0.973192
1.012041
0.745095
0.953156
1.083440
1.057602
0.806768
0.843898
0.999419
0.979672
0.744971
1.150391
0.907878
1.058238
0.942173
1.198296
0.984443
0.961331
1.003230
1.076486
1.046578
1.065126
1.003187
1.020648
0.693941
1.067358
0.909541
0.877560
0.840146
1.148358
0.903692
0.995475
1.146994
0.931002
0.942420
0.924386
0.832329
0.950415
1.043897
0.987333
0.761226
0.900681
1.000526
1.010708
1.075736
0.967592
1.001170
0.975750
0.962051
0.872546
0.817584
0.940671
0.934998
1.116063
0.882081
0.974853
0.944018
0.860191
0.893753
0.797546
0.959424
0.982811
0.845778
1.124759
0.689149
0.732025
0.976166
0.993956
0.965285
1.061664
0.945096
1.109441
1.157023
0.894636
0.922662
0.910176
1.042258
0.957972
1.128615
0.895640
0.835732
0.850784
1.104755
0.867389
0.800341
1.018867
1.052806
0.948667
1.089832
0.976079
0.959854
0.953539
0.858109
1.021843
1.048980
0.997445
1.126892
1.050728
1.026046
1.189734
1.032223
1.013912
1.047011
0.967525
0.818255
1.011834
1.079607
0.860226
1.033572
0.831437
1.029391
0.908848
0.974292
1.119515
1.043269
1.105985
0.691888
1.048422
0.957344
0.778098
1.135303
0.996470
0.933502
1.010704
1.069812
0.839990
1.036302
1.039705
1.017995
0.835552
0.945843
0.971713
1.026407
0.926274
0.989527
1.092276
0.825036
0.927555
1.128106
0.839898
1.149083
0.923282
1.030824
1.045784
0.966265
0.704739
0.714577
0.876308
0.951585
1.031893
1.020009
0.923819
1.027702
0.803347
0.936352
1.132501
0.889103
0.794271
0.888785
1.035512
1.016697
0.985640
1.016656
0.786313
1.069371
1.046882
0.939019
0.995527
0.926762
0.863118
1.066249
0.908005
1.096525
1.050436
1.008115
0.768663
0.749749
1.070164
1.160527
0.778892
1.037461
0.875149
0.957428
0.926480
0.876966
0.908093
1.038149
0.955000
1.006101
0.966198
0.833228
1.096155
0.822550
0.776494
0.849317
0.848083
0.791060
1.059655
1.156224
0.815486
1.122993
1.035298
0.891519
0.710231
0.996977
0.882438
0.809856
0.933184
0.926268
0.791639
0.963679
1.018711
1.135611
1.068555
0.966384
1.071656
0.822601
1.082835
1.004852
0.935183
0.688868
0.898217
0.999048
0.920763
0.995591
0.900637
1.039544
0.651583
0.949805
0.842718
1.115869
0.960962
0.778639
1.054789
0.932760
0.639380
0.905253
0.966507
0.843730
0.814397
0.955580
1.108339
1.017970
0.809541
1.070219
0.613448
0.814021
0.949005
0.698957
0.877754
0.867954
0.836869
0.943387
0.802459
0.910629
0.999004
0.923147
1.065338
0.785920
0.908627
1.021821
1.049570
0.892141
0.864474
1.028981
0.913291
1.015901
0.960114
0.873611
1.223277
0.978621
0.844787
0.873201
1.020169
0.989991
0.900570
1.039129
0.847153
0.878687
0.939868
0.987566
0.831239
1.164479
1.020512
1.014266
1.046352
0.947385
0.842416
1.091767
0.926932
0.801633
1.001082
0.941704
0.847830
1.088802
0.810824
1.027334
1.128930
0.929131
1.053479
1.075922
0.958796
0.865268
1.008780
1.113923
0.928922
1.088313
1.067381
1.009449
0.900619
0.989337
1.000601
0.934556
1.157775
1.018086
1.135297
0.936731
1.017571
1.099864
0.960756
0.912739
1.092315
1.028039
0.979258
0.900608
0.976394
0.878866
0.719800
1.028838
0.979573
1.049531
0.960621
1.082137
0.823718
0.824628
0.901356
1.173402
0.951454
0.877489
1.063907
0.887903
0.702944
0.882573
0.931215
1.055820
1.023571
0.944290
0.865227
1.147058
1.042912
0.751794
0.854376
1.081503
0.931634
0.996295
0.684532
0.869163
0.699624
0.793646
1.027779
0.910339
0.943465
1.013741
0.818750
0.817418
0.916496
1.165933
0.993884
0.673341
1.112560
0.744366
1.023415
0.824424
1.033748
0.645964
0.990805
0.985167
0.927606
0.938079
0.959763
0.966907
0.942387
0.990330
1.065103
0.898646
1.041828
1.163781
0.960721
0.931357
0.672707
1.057253
1.082223
0.863600
1.057876
0.997891
0.936199
0.956532
1.005167
1.026759
1.037590
0.942184
1.074404
0.872388
1.124328
0.789821
0.757291
0.972481
0.967396
0.786549
0.804267
0.926748
1.058845
1.062458
0.920658
1.004476
0.871049
0.876959
0.918173
1.009639
0.867472
1.046607
0.982984
1.061137
0.927238
1.140234
0.928214
0.994012
1.020175
0.963877
1.007708
0.779265
0.834459
0.826851
0.838451
0.947515
0.866438
0.920708
0.750568
1.102344
0.971329
0.944566
1.161791
0.737200
0.884943
1.032762
1.088801
0.686366
1.027511
1.052636
0.565495
1.117962
1.089348
1.067833
0.910660
0.950251
0.802640
1.021806
1.061420
1.024447
0.765651
0.930088
1.028140
1.072999
1.219888
0.899783
0.803793
0.927127
0.932472
1.003654
1.048308
0.891384
0.887569
1.070874
1.026866
0.891747
0.882042
0.879832
1.098666
0.899131
0.925372
1.082053
1.010152
1.059568
0.983100
1.003797
0.854365
0.948628
0.973365
1.119243
1.054052
0.972914
0.908505
0.974208
1.053741
0.892335
0.999224
0.937432
1.111593
0.927724
1.001978
1.008324
1.080641
0.926463
0.939802
0.915233
1.032880
0.835840
0.998601
1.109013
0.948978
0.947932
0.818339
0.894696
0.904341
1.063333
0.620636
0.793864
0.696475
0.922259
0.850169
1.006050
0.892810
1.060943
0.786828
0.851139
1.035907
0.998673
1.030498
0.906702
0.970805
1.023833
1.025404
1.086909
0.813797
0.946847
1.125445
0.839264
0.905202
0.900547
0.956380
0.998593
0.935678
0.951825
1.003453
0.981297
0.735139
0.851513
0.892706
0.895201
1.054326
0.690743
1.159579
0.759885
1.013422
0.954975
1.009830
1.028799
1.028570
1.075588
0.819708
0.976139
0.923188
0.950948
0.883709
0.979661
1.001088
0.867225
0.815771
1.075935
0.877078
0.883508
0.672503
0.998044
0.754254
0.968572
0.917404
0.907998
0.955471
0.894052
0.898966
0.927783
1.108664
1.090884
0.837086
0.833008
1.034368
1.051320
0.949794
0.886833
0.963187
0.836668
1.069107
0.985168
0.967023
1.040251
0.936189
1.070679
1.040541
0.850204
0.843582
0.924929
0.780929
1.070333
1.071761
1.130042
0.965875
0.624872
1.010291
0.886804
0.870270
1.078072
0.712939
0.973394
0.974515
0.805855
0.815419
1.001702
1.127390
0.915211
0.989723
0.937543
1.114800
1.069518
0.990865
0.925031
0.845004
0.933185
0.974643
0.891717
1.025745
1.061812
1.002548
1.090531
1.049533
0.820299
0.922263
0.953281
0.870888
1.128768
0.942966
0.973017
1.007631
0.901728
0.914449
1.122368
0.954802
0.846065
0.902879
0.915422
0.958509
1.164159
1.093751
0.975867
0.917703
1.092365
0.872923
0.809839
0.818681
0.799064
1.006320
0.981385
1.032763
1.005228
0.844747
0.918455
1.085961
0.969251
0.880184
0.949033
0.875546
1.037418
1.031104
1.025848
1.109081
1.014769
1.044252
1.026740
1.109271
1.120009
0.817721
0.942632
0.874755
0.747920
1.012781
1.008908
0.947642
0.878809
1.089672
1.021414
0.848116
0.760171
0.954717
1.100925
0.851478
1.028521
0.979807
0.981100
0.797502
0.895039
1.021568
0.894812
1.157461
0.954795
0.902665
0.908020
0.977915
1.002171
0.841652
0.846287
1.091013
0.747982
0.899525
1.127122
0.639646
0.775266
0.960141
0.831956
0.799210
0.966062
0.929542
0.880614
0.962754
0.949777
0.865654
1.008736
0.985480
1.107254
0.844323
1.071864
0.964573
1.032859
0.874286
0.991095
0.798019
1.004208
0.854099
0.764033
0.961135
0.846735
0.857117
0.856631
1.055132
1.010533
0.939288
0.843080
0.980215
1.017753
0.971502
0.946510
0.851041
1.026000
1.093773
0.892711
1.043621
0.845431
0.883171
0.712427
1.025633
0.906086
0.867456
1.120178
0.852903
0.833919
0.869092
1.083193
0.981475
0.909530
0.925328
1.007922
1.011663
0.949193
1.052917
1.157625
0.897718
0.798864
0.769399
1.068575
0.980389
0.994426
0.685617
0.799101
0.940000
0.945208
1.079489
1.201592
1.079466
1.074921
0.970042
0.790022
1.042587
0.866198
0.962730
0.894867
1.101216
0.652739
0.879214
0.987468
0.999544
1.144466
1.133148
0.936593
0.939239
0.960454
1.053621
0.904692
1.078328
1.103170
0.987396
0.969849
0.991915
0.783977
1.080797
0.880883
1.117628
0.829281
0.862161
1.027648
0.774481
0.955695
1.016803
1.017699
1.052208
0.957524
1.091052
1.001987
0.959997
0.955843
1.117387
0.935388
1.046741
0.894864
0.836424
0.813680
0.678597
0.898862
0.952495
0.926023
1.021229
0.871070
0.924506
0.951729
0.995765
0.837152
0.977944
0.898785
0.955204
0.989287
1.030980
0.827614
0.947889
1.181537
0.955880
1.077099
0.953961
0.988541
0.940125
0.971841
0.628040
0.895027
1.022129
0.963358
0.875664
1.098978
0.873613
0.996051
0.907674
1.040524
1.088652
0.898485
0.970484
0.985157
1.050805
0.944663
0.803756
0.922324
0.996316
0.805578
0.982198
0.991924
0.800233
0.936981
0.895147
0.913924
0.809945
1.005533
1.000532
0.788724
0.867483
0.924200
1.190012
0.872050
0.874148
0.947840
1.117684
1.018598
0.844018
1.004339
1.058681
0.893022
0.995162
0.908351
1.035046
1.066367
1.107414
1.153803
1.019656
0.865279
0.685294
0.946364
0.862436
1.003659
0.770216
1.133207
0.967274
1.045139
1.110539
1.160304
0.931537
1.018695
1.071145
0.959996
1.073078
0.854576
1.073376
0.898959
0.904789
0.736914
1.092962
0.763607
0.846463
0.996505
1.008650
1.077535
0.918305
0.920678
1.161227
0.917226
0.851405
0.731973
1.004781
0.784441
1.011365
1.010929
0.976962
0.956812
1.024987
0.981014
0.995468
0.958277
0.917570
1.035975
1.038341
0.807424
0.969482
0.941982
1.012219
0.641655
0.893053
0.916973
0.910617
1.025767
0.954642
0.977081
1.057445
1.138367
0.992792
0.932271
0.917815
1.021802
1.030178
0.877803
0.973110
0.908648
0.846848
1.020428
0.884790
1.079815
0.949998
0.964795
0.907173
0.701570
1.063839
0.996430
0.811017
0.871971
0.995754
0.962673
0.980126
1.093232
1.013561
1.008469
0.921268
1.099834
0.916380
0.937390
0.985075
0.887317
1.052610
1.161495
0.998084
0.925061
1.011052
0.937592
1.063845
1.006749
0.714396
0.968031
1.020550
1.255953
0.663117
0.888567
1.134437
1.031377
0.725564
0.983252
0.938270
1.033593
0.725696
0.922935
0.826929
0.885091
0.855299
0.974359
1.125892
0.819392
1.031309
1.095469
0.903102
0.997265
0.954931
0.779698
0.957703
0.994674
1.029092
1.026970
0.995866
1.101345
0.746393
0.962012
1.108818
1.116446
0.820875
1.032346
1.016646
0.987916
0.791326
0.964202
1.068673
1.138251
0.627597
0.884936
0.997570
0.999270
1.058163
1.046985
1.083538
1.035977
0.504314
0.796515
0.785236
1.028687
0.941537
0.855176
1.004923
0.969019
1.029655
1.071979
0.791216
1.158361
0.999098
0.845867
1.060350
0.993533
0.831974
0.923470
0.897018
0.969060
0.877029
1.011043
0.966256
0.984998
1.155390
0.808867
1.081593
0.975564
0.979471
0.970137
1.072656
1.079707
0.990976
0.896271
0.879837
0.878854
1.016184
0.958959
1.050754
1.127094
1.013090
1.054546
0.683029
0.905815
0.952719
0.820989
1.030279
0.977145
0.833124
0.917973
0.899754
0.926740
1.091529
1.011300
0.842205
0.968826
0.808159
1.024674
0.994392
1.056067
0.923507
1.079495
0.809834
0.958629
0.756651
1.059932
0.906353
0.989979
0.765008
1.012337
0.968501
0.987245
1.162048
0.664328
0.919083
1.000493
1.140117
1.123112
0.879829
0.925722
0.823424
1.141597
1.192045
1.067442
0.887906
0.944440
1.052350
1.052095
0.942499
0.877457
1.185387
0.719921
0.942357
0.966594
0.815585
0.885468
0.973258
1.044171
0.835954
1.105321
0.683891
0.757824
0.935015
0.993314
0.861990
0.949767
0.870376
1.133691
0.657194
1.003019
0.796195
0.807983
0.822860
1.058865
1.037278
0.977329
1.035338
1.022523
0.921575
0.760190
0.952927
0.868466
1.110283
0.976642
0.851321
1.064961
0.747138
0.849185
0.730351
0.920790
0.705157
1.053505
1.017402
0.859379
0.881692
1.085904
1.028199
0.970619
1.016202
0.976165
0.766356
1.119701
1.159200
0.897441
0.717973
0.953490
1.068225
0.986300
0.936628
0.740076
0.822537
0.758245
1.118329
0.929629
0.814903
0.860841
1.023298
1.029119
0.693319
0.822096
1.041219
0.970372
0.973437
1.011047
0.938667
1.013099
0.798751
1.015412
0.819980
0.968183
1.043263
1.118109
1.015540
0.863646
1.066031
0.891109
0.963745
1.030619
1.005202
1.077020
0.933468
0.997421
1.043230
1.095013
1.093949
0.929518
1.085005
1.100415
1.033234
0.706693
0.942039
1.009097
0.999724
1.033730
0.998336
0.933998
0.793085
0.903380
0.980805
0.919357
0.963010
1.093330
0.956886
1.013300
1.154159
0.927536
0.896396
0.956860
0.970506
0.669595
0.949910
0.927341
1.061547
0.771372
1.043257
0.952549
1.055857
0.607263
1.017598
1.028303
1.009977
0.982205
1.087837
1.023774
0.850656
1.076730
0.956900
0.963502
0.822376
0.556074
1.035156
0.990863
1.031667
0.933578
1.033131
1.154590
0.997057
0.961679
0.917184
1.173600
0.805661
1.059671
0.973260
0.901313
1.043383
0.913799
0.791008
0.905548
1.033935
0.826853
0.956168
0.921025
1.154271
1.116919
0.851042
0.966102
0.907361
0.933494
1.031755
0.987117
0.684735
0.832066
0.757897
0.901815
1.018266
1.046414
1.094632
0.710108
0.898404
1.097380
0.860838
0.920832
0.874217
1.064965
1.084168
1.043849
0.645636
0.737581
1.003201
1.014182
0.539390
0.857243
1.060554
1.089012
1.100590
0.983723
0.814733
0.948102
0.890309
0.917314
0.812125
0.907128
0.802079
1.019002
1.076109
0.952144
1.096448
0.953725
0.887451
1.056503
0.940684
0.856455
0.889868
0.959968
0.897749
0.820731
0.796751
1.067866
1.028640
0.944086
1.001638
0.867919
0.838196
1.054463
1.035334
1.057012
1.065724
1.086119
0.853699
1.057661
1.129593
0.835643
0.817587
0.992609
0.879961
0.829590
1.065294
0.939966
1.036451
0.901441
0.817334
0.931180
0.933256
0.923919
1.047603
0.912568
0.743171
1.118108
1.070526
0.935035
0.783085
0.938318
1.046044
0.872306
0.818793
1.039752
0.910782
0.765055
0.959917
0.964229
1.008441
0.730929
0.800304
0.789189
1.038003
0.493959
0.979931
0.901173
1.006122
0.900031
1.033826
1.032136
0.910673
1.033874
1.055701
0.955565
1.033197
0.923270
1.044867
1.093243
0.719233
1.067638
0.988871
0.979970
0.932511
0.779929
0.964549
0.941484
0.941460
0.922193
0.842535
0.491897
1.060312
0.950594
1.120553
0.935358
0.962241
0.898819
1.027395
0.865425
1.040111
0.921029
0.901377
0.851146
0.723145
0.911528
0.938858
0.904833
1.105380
0.862075
0.904993
1.021260
0.687553
0.864393
0.833160
0.915165
1.018146
0.981736
0.823156
0.914176
1.018241
0.811400
0.843510
1.007461
1.016897
1.019962
1.025683
0.912605
0.926158
0.981819
1.118166
0.980696
0.937771
0.842066
0.830670
0.866983
0.708443
0.965068
0.994770
0.965870
0.917701
0.976631
0.991725
0.793300
1.053971
0.721303
1.147809
0.831613
1.106900
0.939989
0.921138
0.877646
0.927165
1.063592
0.868847
1.093509
0.844493
1.015971
1.065065
1.141092
1.082218
0.871402
0.900782
0.975097
1.018243
1.044607
0.754202
0.910964
1.153394
1.015315
0.866189
1.066792
1.037705
0.917943
0.860424
0.876953
0.866807
0.823642
1.081729
0.962547
0.967728
0.967723
1.000977
1.036884
0.861318
0.981660
1.075754
0.998897
0.944773
0.871699
0.878914
0.908971
0.829199
0.771192
0.954692
1.007133
0.920076
0.660149
0.953807
0.841682
0.931284
0.943857
0.852302
1.084204
0.946253
0.827789
1.106038
0.923035
0.945035
0.819821
0.842295
0.792142
0.946399
0.966103
0.969265
0.906996
1.106527
0.987085
1.072628
0.782373
0.954081
1.077778
0.997986
1.037440
0.992389
1.106294
0.780635
1.149287
0.853304
0.935890
0.842613
1.014830
0.990161
0.787291
1.123778
1.069811
0.948600
1.030918
0.941057
1.033901
0.918547
1.015920
0.929369
0.765961
0.842140
0.895590
1.021385
0.831794
1.011037
0.986194
1.066839
1.110505
0.630772
0.984459
1.043550
1.002173
1.086726
1.130087
0.867131
0.870697
1.048177
0.908665
0.921002
0.967422
0.780904
0.771196
0.833338
1.059482
0.857600
0.899625
0.831581
1.184101
1.025620
1.060593
1.066405
1.146798
1.046343
0.857259
0.947622
0.997383
1.186681
0.908497
0.995654
1.003868
0.968924
0.854266
0.977917
1.079348
0.965950
0.884209
1.005308
1.155616
0.998495
1.128746
1.051731
1.016540
0.899170
1.104072
0.980728
0.886117
1.163206
1.061352
1.108407
0.958895
0.936147
0.754938
1.061647
0.984358
1.049186
0.984546
0.769460
1.017736
0.958706
1.178466
0.902378
0.851583
1.054442
0.885851
1.022922
0.971856
1.103681
0.968623
0.956256
1.002905
0.841912
0.791288
0.998534
0.866913
0.717002
0.992811
1.021894
0.950061
0.786956
0.804650
0.825800
1.015604
0.940702
0.939396
0.876452
0.973245
0.848806
1.030957
0.961508
1.119665
1.041911
1.046277
0.961802
0.704067
0.984937
1.138620
0.967110
0.864098
1.086100
0.944057
0.833073
1.024591
0.955857
0.649035
1.041812
0.676872
0.716526
1.044514
1.104616
1.042642
1.031265
1.050247
1.002944
1.001433
1.128948
1.005772
0.925586
1.054490
0.928500
0.778037
0.979739
1.110665
0.846802
1.011434
0.954157
1.049545
1.084147
1.036609
0.988904
0.885646
0.992500
0.809009
1.080907
1.076800
0.951926
0.951433
1.090588
0.862146
0.780331
1.094542
1.124326
1.150939
1.045783
1.070614
0.957049
0.945018
1.055352
0.857572
0.680940
0.945523
0.976999
1.021833
1.016195
0.811523
1.166556
1.186965
1.101211
0.870212
0.986879
0.973679
0.866383
0.830574
0.856342
0.987782
0.956583
0.756088
1.030917
0.795661
1.050630
0.808220
0.804447
0.984522
0.923169
1.011142
0.965170
0.707186
0.975503
1.011118
0.967769
0.889422
1.137661
0.829540
0.968961
0.944386
0.924697
1.053249
1.029188
0.835952
0.986933
0.933773
0.971193
0.941123
0.845574
1.059650
0.763452
1.138092
1.089391
1.033716
1.074123
0.832974
0.798820
0.872390
0.838473
0.841706
1.143282
1.164439
0.767059
0.762146
1.038105
0.874012
0.815762
0.939051
0.905688
0.795301
1.152344
0.671085
1.031046
0.973701
0.917803
0.823691
0.941944
1.129217
0.989934
0.986648
0.844799
1.121561
0.881881
0.926258
0.812480
0.773120
1.044772
0.714276
1.061692
0.955055
0.859906
0.997128
0.950297
0.807030
0.918403
0.922132
1.143023
0.806678
0.969008
0.800921
0.869009
0.968383
0.987481
0.456553
0.768838
0.902367
1.077912
1.130379
0.538497
0.878684
0.940306
1.054140
1.037576
0.954806
1.003900
1.044129
1.104189
1.014741
0.969292
1.057267
1.075919
1.045606
0.936258
1.027694
1.096805
0.992947
0.959312
1.030412
0.752690
0.970482
0.941079
0.802388
1.019738
0.862878
1.036743
1.004811
0.962047
1.096259
1.039486
0.739576
0.648693
0.971440
0.950060
0.702242
0.683633
0.957280
0.954402
0.986012
0.923102
0.921545
1.033903
0.954253
0.896582
0.792385
0.780936
0.918015
0.996007
1.074324
0.999092
1.033601
1.026791
0.881588
1.053064
0.974970
0.981761
1.044944
0.973302
0.971721
0.723417
0.971053
0.709744
0.994950
0.851075
1.095824
1.038477
0.956292
1.168171
1.071040
1.074398
0.999137
1.184674
1.024584
1.066590
0.922088
1.069984
0.820325
1.006973
0.879250
1.036562
0.986060
0.723629
0.669408
1.059258
0.932018
1.063777
0.855406
1.053267
0.766481
1.016197
1.087192
1.048830
0.834301
0.779485
0.840646
1.151427
1.066075
1.008446
1.059633
0.985818
1.032976
0.868717
0.906966
1.016205
1.122115
0.964991
0.873633
0.995958
1.103222
0.988891
0.929239
0.994144
0.867067
0.428316
1.079932
1.038767
0.934787
0.913902
0.676863
1.077115
0.909773
1.094349
0.952042
0.886624
0.968548
0.930508
0.878818
1.069983
1.038323
1.110514
0.861160
0.987027
1.059925
1.040690
1.091606
1.027282
1.084921
0.985644
0.909274
0.795136
0.791353
1.105103
1.070099
1.033086
1.008480
0.941858
0.909826
0.908153
0.960876
1.076289
0.870154
0.920604
0.882882
0.908952
0.667347
1.043002
0.785968
0.757650
1.087427
0.855398
1.025078
1.142989
0.786382
0.878366
0.852374
0.935934
1.086833
0.939679
0.925026
1.015172
0.829876
0.711318
0.773155
0.958200
0.850935
0.928893
0.969648
1.082756
0.748654
1.033846
0.950450
0.874736
0.985411
0.621446
0.967204
0.992718
0.705222
1.046132
1.021801
0.963465
1.036538
1.042948
1.048610
1.043189
0.671382
0.927354
1.171012
0.937981
1.078763
1.066727
1.026526
0.952357
1.192007
0.763063
1.097170
0.814442
0.856815
0.741524
0.813210
0.904962
1.015490
0.960685
1.074229
0.935366
0.928609
0.951125
0.960553
1.160111
0.783866
0.829069
1.012950
1.000480
0.790377
0.884676
1.178941
0.809510
0.929254
1.025812
0.853053
1.035098
0.894179
0.905146
0.744203
1.047958
1.068970
1.140225
0.713098
0.616112
0.906766
1.040167
0.985184
0.803608
1.116300
1.104958
1.007188
0.966628
0.774313
1.014365
0.927351
1.050988
1.023729
0.753801
0.939028
0.685715
1.089010
1.115051
1.043769
1.154751
1.086209
0.805993
1.005162
1.148279
1.140261
0.991531
0.986802
0.950317
0.918547
0.928231
0.965993
1.042112
1.054348
1.055580
0.933899
0.827493
1.063083
0.618434
0.886529
0.978298
0.688944
1.064255
0.927039
0.970529
0.869158
1.011278
1.026564
0.980810
1.084119
0.757343
0.899135
0.972038
0.942105
1.099194
0.763699
1.041816
0.700877
1.066072
0.926927
0.832143
1.000227
0.900179
0.816116
0.993597
0.821985
1.025615
0.761194
0.807344
1.011689
0.970990
0.782414
0.954984
0.988052
0.924678
1.109589
0.891727
1.032679
0.872154
0.866389
0.958019
0.940220
0.750667
0.962752
1.064326
0.914382
1.054846
0.974475
0.598630
1.048746
0.995914
0.808152
1.126035
0.996411
0.913199
0.906446
0.940828
0.797817
1.011156
1.033054
0.951483
0.726016
1.059363
0.887409
0.835103
1.037502
0.739778
1.063851
1.055624
1.019941
0.636609
1.118154
0.884223
0.782615
0.893712
0.936310
1.182074
1.022553
0.969774
1.022475
0.890518
0.982616
0.803681
1.025547
0.941862
0.937543
0.850858
1.115838
1.021306
1.039426
0.910472
0.838741
1.094055
0.966382
0.799446
0.860472
0.978760
0.968214
0.963813
0.919279
1.008688
1.056085
0.976675
1.046979
1.117364
1.021038
0.701268
0.805071
0.944030
0.847796
0.940204
1.013846
0.990399
0.992914
0.991053
0.868583
0.947591
0.792702
1.003186
0.890772
0.579518
1.091501
1.043161
0.864109
0.831160
0.782217
1.047628
0.848088
0.983598
0.995005
0.785529
0.924736
1.058853
1.144742
0.861710
0.950822
1.148350
0.982924
1.024446
0.922230
0.962749
1.001211
0.865553
0.886853
1.017851
0.864247
0.874840
1.059169
1.022769
0.792932
0.753482
1.059656
0.915611
0.993036
0.994734
0.977823
1.032815
1.061342
1.012918
1.048534
0.824920
0.865173
0.993275
0.682981
0.914268
1.071818
0.594377
0.912174
0.853969
1.016463
1.065996
0.841675
0.928965
1.022864
1.070470
1.150098
1.120913
0.885700
0.944020
1.002667
0.826548
0.986594
0.905706
0.807015
0.852697
0.788223
0.991866
0.997350
1.186850
0.904093
0.990635
0.991855
1.148258
1.007086
0.930874
1.007737
0.851547
0.972595
0.757177
0.797436
1.035915
0.951969
1.059826
0.926916
0.548408
0.947594
1.046247
0.914792
1.094031
1.101923
0.946548
1.028284
0.844100
1.103268
0.897244
0.817346
1.002261
0.898377
0.601550
0.861774
0.610878
0.824559
1.140399
1.031301
1.095256
0.993409
1.144068
0.708364
1.056871
1.009141
1.098836
0.865814
0.860958
0.952183
0.888069
0.980180
0.970827
0.892638
1.062640
1.027723
1.058805
1.001395
1.092261
1.035674
0.909690
0.970439
0.877740
0.661828
0.852618
0.829684
0.967331
0.751854
0.782288
0.904410
1.000313
0.730248
0.932094
1.003028
0.914204
1.057194
0.959591
1.137227
0.537127
0.918353
1.104638
0.805366
0.795769
0.896054
1.028176
0.758428
1.060201
0.877844
1.043243
0.805202
1.057801
1.150592
0.988614
0.929263
0.997418
1.042310
1.097957
1.120255
1.050727
0.856253
0.999469
0.788404
1.046221
0.734137
0.657447
0.927453
0.960358
0.891427
0.990881
0.869970
0.785042
0.852116
0.760624
0.933069
0.438610
0.853446
0.879476
1.102911
0.833875
0.951785
0.938583
1.026993
0.937513
1.018697
0.866929
1.011540
1.131072
0.920081
0.923023
0.911905
0.878388
0.907706
0.889841
0.895199
0.820090
0.953242
0.898752
1.002675
0.982818
0.848363
0.920858
1.098793
0.973337
1.107502
0.895429
0.997673
0.931777
0.875450
0.985851
0.878205
1.010126
0.867229
0.905706
1.005842
0.946254
0.914392
0.868114
0.705000
0.875034
0.884421
0.793750
1.035739
0.989979
0.916133
0.922098
0.952611
1.150168
1.095311
1.063017
1.013169
0.988851
0.764732
1.089259
0.853312
1.116667
0.970797
0.694622
0.682214
1.000009
0.884613
0.953157
1.030299
0.766462
0.944707
0.950902
0.863425
1.145742
0.853988
0.947210
1.085281
1.027376
0.981612
1.158768
0.977496
0.861261
0.982109
1.035295
0.770333
0.930228
0.925450
0.936654
1.009864
1.077298
1.083486
0.980011
0.966956
0.814499
0.789512
0.976268
0.645926
0.898829
1.016936
1.079215
0.981339
1.081431
0.901381
1.034261
1.031972
1.019676
0.943039
1.050120
0.720794
0.977564
1.043183
0.801042
1.006079
1.083148
0.906662
0.867143
0.880266
1.126179
0.932300
1.090255
1.059856
0.967089
0.797379
0.954761
1.016906
1.016052
1.077985
0.933032
0.997973
1.150023
1.148746
1.014748
0.948978
0.943456
0.984678
0.949522
0.548702
0.886659
1.005910
1.103775
0.859730
1.035371
1.110830
0.953185
1.072187
1.073377
0.849518
1.073627
0.868233
1.126904
0.978985
0.841475
0.849441
0.882550
1.019223
0.981832
0.867867
0.901675
1.065757
0.952637
0.974428
0.912942
1.060951
1.021748
0.860525
0.996609
0.864090
0.998880
0.840269
0.822458
0.985077
0.821434
0.866883
0.784225
0.726504
0.984233
0.777221
1.094742
0.781194
0.952653
1.148846
1.041146
0.925550
0.871443
0.998335
0.828421
0.871355
1.053915
1.044080
0.910691
1.001894
1.000414
0.970844
0.792783
1.104154
0.960471
1.092906
0.920442
0.826085
0.788415
0.921335
0.959599
0.968020
0.614386
0.920767
0.928946
0.928470
1.035249
0.957450
0.932356
0.915579
1.024641
0.920773
0.890999
1.023296
1.013586
0.957560
1.089260
1.123816
0.943715
1.058350
0.827899
1.034489
1.062770
1.081816
1.022620
0.768773
0.943768
1.016548
0.982844
0.956494
0.984269
1.143240
1.069956
1.016780
1.011486
1.079328
0.926377
0.664875
1.030996
0.823763
1.079386
0.890066
0.815858
0.851901
1.079922
1.049952
0.755679
1.115552
1.004260
1.053773
1.109061
1.047091
0.835951
0.998425
0.905289
0.996976
0.994297
0.933117
0.935047
0.938318
1.048567
0.698544
1.180949
0.867036
0.938113
0.751523
0.989523
1.092077
1.135743
0.781434
0.814353
1.024285
0.834610
0.763015
0.868083
0.927355
0.817395
0.801049
1.027835
0.889297
0.998729
0.936325
1.060476
1.086973
0.814468
0.741787
0.920709
1.063177
0.850665
1.020618
1.070881
1.025963
1.011662
0.980457
1.098199
0.896599
0.991298
0.958537
0.958236
1.008998
0.970146
1.053902
0.791679
1.074976
0.954899
0.919050
0.941063
0.637614
0.811657
0.950243
0.965498
0.901539
1.032409
1.087530
1.079770
1.089368
1.106584
1.006864
0.890145
1.097633
0.965941
0.988301
0.998426
0.769423
0.909500
1.126273
0.946072
0.964218
0.974612
0.992364
0.847635
1.020036
0.965643
0.959298
0.997088
1.042429
0.921411
1.110376
0.994594
0.963015
1.010090
1.089149
0.881867
0.863612
0.915713
1.098401
0.997042
0.851850
1.030297
1.053201
0.840271
0.984942
0.767680
0.892119
1.010028
0.957518
0.876317
1.110826
1.023920
0.898221
0.983423
0.864351
1.118703
1.088824
0.968373
0.996390
1.047019
1.035411
0.866001
0.845129
0.732942
0.909609
1.073585
0.869705
1.058474
1.006002
0.851659
1.058077
0.761056
1.083980
0.736339
1.101920
0.938024
1.011300
1.066114
1.043904
0.736973
1.081840
0.781745
0.991054
1.089767
1.005056
1.083462
0.975036
0.931066
1.051337
0.997386
0.806777
1.092512
1.074147
0.978359
0.829470
0.994625
1.003451
0.912727
1.030914
0.892907
1.149268
0.933855
0.546579
0.898223
0.840637
0.882778
0.959078
1.064136
0.977086
0.895362
1.023588
0.897060
0.838003
0.894273
0.929307
0.932111
0.909693
1.073390
0.835877
1.082359
0.948704
1.041198
1.046167
0.893284
0.787046
0.933282
0.961893
0.884586
0.848124
0.789069
0.885313
0.631202
0.885384
0.900822
0.911525
0.858629
0.985170
1.044698
0.849886
0.849160
1.021618
0.966306
1.145663
0.977230
0.823135
1.140425
0.846578
0.866837
0.965416
0.886266
0.892757
0.912827
1.008212
1.034401
1.178810
0.882861
0.724537
0.790533
1.035335
1.087414
0.743167
1.042560
1.053712
0.839187
1.155962
0.872577
1.202769
0.756633
0.893290
0.969554
0.639839
0.816764
0.922489
1.110886
0.852037
0.978956
0.997788
0.907986
1.099815
